8201
13326
5750
7031
6936
5906
7991
5992
5963
7946
5753
5764
7380
7026
5728
8080
6640
9268
8711
9559
5721
7538
6209
6494
7484
5963
6929
7558
7430
5763
19505
6631
9427
18106
6262
7549
21962
9795
7945
20815
10470
10388
17716
8269
7395
18276
6584
6574
19013
6412
6275
17869
6640
9661
18961
9845
10022
18392
6623
6807
39783
10869
7553
38163
8616
9168
40254
9303
8255
37059
8407
9488
37979
8879
8123
38897
7924
9529
35336
8474
8435
37120
8457
8411
37971
9579
8360
41869
8135
9540
63374
10494
10993
72052
13154
10700
61947
9702
10582
63062
9366
9931
62937
10082
9500
64795
10264
15784
68502
10753
10390
62965
10008
10082
63564
9480
10267
59973
9589
9923
93385
11573
12128
89727
16262
11682
98693
16540
12222
97895
18877
12065
96086
12451
11563
95472
12923
12155
91966
14682
13675
98322
12897
12289
91421
11785
14638
94022
11697
12416
