8.201 pthread-100 7.792 0.460554
13.326 openblas-100 7.4834 2.20956
5.75 mkl-100 6.3286 1.05088
7.031 pthread-100 7.792 0.460554
6.936 openblas-100 7.4834 2.20956
5.906 mkl-100 6.3286 1.05088
7.991 pthread-100 7.792 0.460554
5.992 openblas-100 7.4834 2.20956
5.963 mkl-100 6.3286 1.05088
7.946 pthread-100 7.792 0.460554
5.753 openblas-100 7.4834 2.20956
5.764 mkl-100 6.3286 1.05088
7.38 pthread-100 7.792 0.460554
7.026 openblas-100 7.4834 2.20956
5.728 mkl-100 6.3286 1.05088
8.08 pthread-100 7.792 0.460554
6.64 openblas-100 7.4834 2.20956
9.268 mkl-100 6.3286 1.05088
8.711 pthread-100 7.792 0.460554
9.559 openblas-100 7.4834 2.20956
5.721 mkl-100 6.3286 1.05088
7.538 pthread-100 7.792 0.460554
6.209 openblas-100 7.4834 2.20956
6.494 mkl-100 6.3286 1.05088
7.484 pthread-100 7.792 0.460554
5.963 openblas-100 7.4834 2.20956
6.929 mkl-100 6.3286 1.05088
7.558 pthread-100 7.792 0.460554
7.43 openblas-100 7.4834 2.20956
5.763 mkl-100 6.3286 1.05088
19.505 pthread-150 19.0615 1.30029
6.631 openblas-150 7.7531 1.59239
9.427 mkl-150 8.2043 1.45512
18.106 pthread-150 19.0615 1.30029
6.262 openblas-150 7.7531 1.59239
7.549 mkl-150 8.2043 1.45512
21.962 pthread-150 19.0615 1.30029
9.795 openblas-150 7.7531 1.59239
7.945 mkl-150 8.2043 1.45512
20.815 pthread-150 19.0615 1.30029
10.47 openblas-150 7.7531 1.59239
10.388 mkl-150 8.2043 1.45512
17.716 pthread-150 19.0615 1.30029
8.269 openblas-150 7.7531 1.59239
7.395 mkl-150 8.2043 1.45512
18.276 pthread-150 19.0615 1.30029
6.584 openblas-150 7.7531 1.59239
6.574 mkl-150 8.2043 1.45512
19.013 pthread-150 19.0615 1.30029
6.412 openblas-150 7.7531 1.59239
6.275 mkl-150 8.2043 1.45512
17.869 pthread-150 19.0615 1.30029
6.64 openblas-150 7.7531 1.59239
9.661 mkl-150 8.2043 1.45512
18.961 pthread-150 19.0615 1.30029
9.845 openblas-150 7.7531 1.59239
10.022 mkl-150 8.2043 1.45512
18.392 pthread-150 19.0615 1.30029
6.623 openblas-150 7.7531 1.59239
6.807 mkl-150 8.2043 1.45512
39.783 pthread-200 38.4431 1.75655
10.869 openblas-200 8.8643 0.820204
7.553 mkl-200 8.6862 0.659304
38.163 pthread-200 38.4431 1.75655
8.616 openblas-200 8.8643 0.820204
9.168 mkl-200 8.6862 0.659304
40.254 pthread-200 38.4431 1.75655
9.303 openblas-200 8.8643 0.820204
8.255 mkl-200 8.6862 0.659304
37.059 pthread-200 38.4431 1.75655
8.407 openblas-200 8.8643 0.820204
9.488 mkl-200 8.6862 0.659304
37.979 pthread-200 38.4431 1.75655
8.879 openblas-200 8.8643 0.820204
8.123 mkl-200 8.6862 0.659304
38.897 pthread-200 38.4431 1.75655
7.924 openblas-200 8.8643 0.820204
9.529 mkl-200 8.6862 0.659304
35.336 pthread-200 38.4431 1.75655
8.474 openblas-200 8.8643 0.820204
8.435 mkl-200 8.6862 0.659304
37.12 pthread-200 38.4431 1.75655
8.457 openblas-200 8.8643 0.820204
8.411 mkl-200 8.6862 0.659304
37.971 pthread-200 38.4431 1.75655
9.579 openblas-200 8.8643 0.820204
8.36 mkl-200 8.6862 0.659304
41.869 pthread-200 38.4431 1.75655
8.135 openblas-200 8.8643 0.820204
9.54 mkl-200 8.6862 0.659304
63.374 pthread-250 64.3171 3.29884
10.494 openblas-250 10.2892 1.04542
10.993 mkl-250 10.8152 1.7063
72.052 pthread-250 64.3171 3.29884
13.154 openblas-250 10.2892 1.04542
10.7 mkl-250 10.8152 1.7063
61.947 pthread-250 64.3171 3.29884
9.702 openblas-250 10.2892 1.04542
10.582 mkl-250 10.8152 1.7063
63.062 pthread-250 64.3171 3.29884
9.366 openblas-250 10.2892 1.04542
9.931 mkl-250 10.8152 1.7063
62.937 pthread-250 64.3171 3.29884
10.082 openblas-250 10.2892 1.04542
9.5 mkl-250 10.8152 1.7063
64.795 pthread-250 64.3171 3.29884
10.264 openblas-250 10.2892 1.04542
15.784 mkl-250 10.8152 1.7063
68.502 pthread-250 64.3171 3.29884
10.753 openblas-250 10.2892 1.04542
10.39 mkl-250 10.8152 1.7063
62.965 pthread-250 64.3171 3.29884
10.008 openblas-250 10.2892 1.04542
10.082 mkl-250 10.8152 1.7063
63.564 pthread-250 64.3171 3.29884
9.48 openblas-250 10.2892 1.04542
10.267 mkl-250 10.8152 1.7063
59.973 pthread-250 64.3171 3.29884
9.589 openblas-250 10.2892 1.04542
9.923 mkl-250 10.8152 1.7063
93.385 pthread-300 94.6989 2.94846
11.573 openblas-300 13.9687 2.38086
12.128 mkl-300 12.4833 0.898413
89.727 pthread-300 94.6989 2.94846
16.262 openblas-300 13.9687 2.38086
11.682 mkl-300 12.4833 0.898413
98.693 pthread-300 94.6989 2.94846
16.54 openblas-300 13.9687 2.38086
12.222 mkl-300 12.4833 0.898413
97.895 pthread-300 94.6989 2.94846
18.877 openblas-300 13.9687 2.38086
12.065 mkl-300 12.4833 0.898413
96.086 pthread-300 94.6989 2.94846
12.451 openblas-300 13.9687 2.38086
11.563 mkl-300 12.4833 0.898413
95.472 pthread-300 94.6989 2.94846
12.923 openblas-300 13.9687 2.38086
12.155 mkl-300 12.4833 0.898413
91.966 pthread-300 94.6989 2.94846
14.682 openblas-300 13.9687 2.38086
13.675 mkl-300 12.4833 0.898413
98.322 pthread-300 94.6989 2.94846
12.897 openblas-300 13.9687 2.38086
12.289 mkl-300 12.4833 0.898413
91.421 pthread-300 94.6989 2.94846
11.785 openblas-300 13.9687 2.38086
14.638 mkl-300 12.4833 0.898413
94.022 pthread-300 94.6989 2.94846
11.697 openblas-300 13.9687 2.38086
12.416 mkl-300 12.4833 0.898413
